1	 unknown 0 0 0 0
2	 85--network-3 0 194 255 0
3	 126--network-4 95 255 159 0
4	 127--network-4 98 255 156 0
5	 132--network-4 117 255 137 0
6	 134--network-3 125 255 129 0
7	 135--network-4 129 255 125 0
8	 136--network-4 133 255 121 0
9	 137--network-1 137 255 117 0
10	 138--network-3 140 255 114 0
11	 139--network-2 144 255 110 0
12	 140--network-1 148 255 106 0
13	 141--network-3 152 255 102 0
14	 142--network-2 156 255 98 0
15	 143--network-2 159 255 95 0
16	 144--network-4 163 255 91 0
17	 145--network-1 167 255 87 0
18	 146--network-4 171 255 83 0
19	 147--network-2 175 255 79 0
20	 148--network-1 178 255 76 0
21	 149--network-1 182 255 72 0
22	 150--network-1 186 255 68 0
23	 151--network-1 190 255 64 0
24	 152--network-4 194 255 60 0
25	 153--network-1 197 255 57 0
26	 154--network-2 201 255 53 0
27	 155--network-4 205 255 49 0
28	 156--network-1 209 255 45 0
29	 157--network-2 213 255 41 0
30	 158--network-5 216 255 38 0
31	 159--network-5 220 255 34 0
32	 160--network-5 224 255 30 0
33	 161--network-5 228 255 26 0
34	 162--network-1 232 255 22 0
35	 163--network-5 235 255 19 0
36	 164--network-2 239 255 15 0
37	 165--network-1 243 255 11 0
38	 166--network-5 247 255 7 0
39	 167--network-5 251 255 3 0
40	 168--network-5 255 255 0 0
41	 169--network-4 255 251 0 0
42	 170--network-5 255 247 0 0
43	 171--network-5 255 243 0 0
44	 172--network-5 255 239 0 0
45	 173--network-5 255 235 0 0
46	 174--network-5 255 232 0 0
47	 175--network-8 255 228 0 0
48	 176--network-6 255 224 0 0
49	 177--network-8 255 220 0 0
50	 178--network-4 255 216 0 0
51	 179--network-5 255 213 0 0
52	 180--network-5 255 209 0 0
53	 181--network-5 255 205 0 0
54	 182--network-2 255 201 0 0
55	 183--network-1 255 197 0 0
56	 184--network-2 255 194 0 0
57	 185--network-1 255 190 0 0
58	 186--network-1 255 186 0 0
59	 187--network-1 255 182 0 0
60	 188--network-5 255 178 0 0
61	 189--network-5 255 175 0 0
62	 190--network-1 255 171 0 0
63	 191--network-5 255 167 0 0
64	 192--network-1 255 163 0 0
65	 193--network-2 255 159 0 0
66	 194--network-1 255 156 0 0
67	 195--network-5 255 152 0 0
68	 196--network-2 255 148 0 0
69	 197--network-5 255 144 0 0
70	 198--network-6 255 140 0 0
71	 199--network-2 255 137 0 0
72	 200--network-8 255 133 0 0
73	 201--network-8 255 129 0 0
74	 202--network-5 255 125 0 0
75	 203--network-3 255 121 0 0
76	 204--network-8 255 117 0 0
77	 205--network-6 255 114 0 0
78	 206--network-8 255 110 0 0
79	 207--network-6 255 106 0 0
80	 208--network-6 255 102 0 0
81	 209--network-8 255 98 0 0
82	 210--network-8 255 95 0 0
83	 211--network-6 255 91 0 0
84	 212--network-7 255 87 0 0
85	 213--network-7 255 83 0 0
86	 214--network-7 255 79 0 0
87	 215--network-6 255 76 0 0
88	 216--network-6 255 72 0 0
89	 218--network-5 255 64 0 0
90	 219--network-1 255 60 0 0
91	 220--network-4 255 57 0 0
92	 221--network-4 255 53 0 0
93	 222--network-3 255 49 0 0
94	 223--network-3 255 45 0 0
95	 224--network-4 255 41 0 0
96	 225--network-3 255 38 0 0
97	 226--network-4 255 34 0 0
98	 227--network-3 255 30 0 0
99	 228--network-5 255 26 0 0
100	 229--network-4 255 22 0 0
101	 230--network-4 255 19 0 0
102	 231--network-4 255 15 0 0
103	 232--network-4 255 11 0 0
104	 233--network-4 255 7 0 0
105	 234--network-4 255 3 0 0
106	 235--network-5 255 0 0 0
107	 244--network-4 220 0 0 0
108	 245--network-4 216 0 0 0
109	 257--network-4 171 0 0 0
110	 259--network-4 163 0 0 0
111	 260--network-4 159 0 0 0
112	 262--network-4 152 0 0 0
113	 263--network-4 148 0 0 0
114	 264--network-4 144 0 0 0
115	 265--network-4 140 0 0 0
