1	 Background_n_medialwall 255 255 255 255
2	 left_parc_1 176 223 163 0
3	 left_parc_2 249 125 71 0
4	 left_parc_3 233 84 70 0
5	 left_parc_4 255 226 142 0
6	 left_parc_5 211 236 152 0
7	 left_parc_6 188 40 80 0
8	 left_parc_7 159 218 165 0
9	 left_parc_8 254 178 99 0
10	 left_parc_9 251 255 182 0
11	 left_parc_10 109 199 164 0
12	 left_parc_11 86 83 169 0
13	 left_parc_12 149 215 165 0
14	 left_parc_13 232 247 153 0
15	 left_parc_14 96 190 167 0
16	 left_parc_15 174 222 164 0
17	 left_parc_16 226 75 73 0
18	 left_parc_17 222 70 75 0
19	 left_parc_18 57 103 187 0
20	 left_parc_19 50 111 190 0
21	 left_parc_20 242 102 67 0
22	 left_parc_21 254 212 125 0
23	 left_parc_22 253 164 90 0
24	 left_parc_23 163 219 165 0
25	 left_parc_24 54 106 189 0
26	 left_parc_25 56 105 188 0
27	 left_parc_26 220 68 76 0
28	 left_parc_27 49 135 190 0
29	 left_parc_28 195 230 157 0
30	 left_parc_29 254 211 123 0
31	 left_parc_30 196 47 81 0
32	 left_parc_31 100 193 166 0
33	 left_parc_32 227 244 151 0
34	 left_parc_33 255 231 150 0
35	 left_parc_34 242 252 164 0
36	 left_parc_35 167 220 165 0
37	 left_parc_36 246 116 68 0
38	 left_parc_37 255 241 168 0
39	 left_parc_38 65 96 184 0
40	 left_parc_39 230 80 71 0
41	 left_parc_40 254 181 101 0
42	 left_parc_41 66 159 181 0
43	 left_parc_42 244 109 67 0
44	 left_parc_43 244 107 67 0
45	 left_parc_44 247 254 174 0
46	 left_parc_45 245 253 169 0
47	 left_parc_46 254 220 133 0
48	 left_parc_47 172 221 164 0
49	 left_parc_48 255 235 156 0
50	 left_parc_49 211 60 79 0
51	 left_parc_50 53 108 189 0
52	 left_parc_51 254 176 98 0
53	 left_parc_52 251 139 76 0
54	 left_parc_53 254 207 119 0
55	 left_parc_54 252 148 81 0
56	 left_parc_55 48 133 190 0
57	 left_parc_56 48 131 190 0
58	 left_parc_57 56 146 186 0
59	 left_parc_58 246 254 172 0
60	 left_parc_59 91 186 168 0
61	 left_parc_60 254 219 132 0
62	 left_parc_61 95 189 167 0
63	 left_parc_62 50 137 189 0
64	 left_parc_63 254 223 137 0
65	 left_parc_64 254 195 111 0
66	 left_parc_65 143 213 165 0
67	 left_parc_66 221 69 76 0
68	 left_parc_67 158 1 66 0
69	 left_parc_68 254 186 104 0
70	 left_parc_69 241 99 67 0
71	 left_parc_70 57 148 186 0
72	 left_parc_71 255 248 180 0
73	 left_parc_72 94 79 162 0
74	 left_parc_73 201 232 155 0
75	 left_parc_74 255 255 191 0
76	 left_parc_75 215 63 78 0
77	 left_parc_76 199 231 156 0
78	 left_parc_77 247 118 68 0
79	 left_parc_78 130 209 164 0
80	 left_parc_79 254 192 108 0
81	 left_parc_80 255 240 166 0
82	 left_parc_81 80 175 174 0
83	 left_parc_82 168 18 72 0
84	 left_parc_83 255 237 160 0
85	 left_parc_84 169 20 73 0
86	 left_parc_85 81 176 173 0
87	 left_parc_86 230 245 152 0
88	 left_parc_87 47 129 191 0
89	 left_parc_88 238 94 67 0
90	 left_parc_89 64 157 182 0
91	 left_parc_90 254 218 130 0
92	 left_parc_91 254 206 118 0
93	 left_parc_92 186 226 161 0
94	 left_parc_93 165 220 165 0
95	 left_parc_94 249 127 71 0
96	 left_parc_95 155 217 165 0
97	 left_parc_96 205 54 81 0
98	 left_parc_97 254 224 138 0
99	 left_parc_99 254 214 126 0
100	 left_parc_100 254 185 103 0
101	 left_parc_101 67 95 182 0
102	 left_parc_102 228 78 72 0
103	 left_parc_103 72 166 178 0
104	 left_parc_104 255 232 152 0
105	 left_parc_105 114 202 164 0
106	 left_parc_106 229 245 151 0
107	 left_parc_107 254 208 121 0
108	 left_parc_108 248 255 177 0
109	 left_parc_109 254 194 110 0
110	 left_parc_110 206 234 153 0
111	 left_parc_111 176 29 77 0
112	 left_parc_112 202 232 155 0
113	 left_parc_113 250 255 181 0
114	 left_parc_114 193 44 81 0
115	 left_parc_117 197 48 81 0
116	 left_parc_118 244 253 167 0
117	 left_parc_119 183 36 79 0
118	 left_parc_120 220 240 150 0
119	 left_parc_121 184 225 161 0
120	 left_parc_122 213 237 151 0
121	 left_parc_123 188 227 160 0
122	 left_parc_124 241 100 67 0
123	 left_parc_125 52 141 188 0
124	 left_parc_126 111 200 164 0
125	 left_parc_127 202 52 81 0
126	 left_parc_128 72 92 180 0
127	 left_parc_129 61 100 186 0
128	 left_parc_130 98 191 166 0
129	 left_parc_131 217 239 150 0
130	 left_parc_132 248 121 69 0
131	 left_parc_133 197 230 157 0
132	 left_parc_134 178 223 163 0
133	 left_parc_135 61 153 183 0
134	 left_parc_136 209 58 80 0
135	 left_parc_137 249 129 72 0
136	 left_parc_138 162 8 69 0
137	 left_parc_139 252 147 80 0
138	 left_parc_140 231 246 153 0
139	 left_parc_141 217 66 77 0
140	 left_parc_142 251 255 184 0
141	 left_parc_143 219 240 150 0
142	 left_parc_144 255 253 189 0
143	 left_parc_145 243 104 66 0
144	 left_parc_146 254 188 105 0
145	 left_parc_147 246 114 68 0
146	 left_parc_148 120 205 164 0
147	 left_parc_149 249 255 178 0
148	 left_parc_150 240 97 67 0
149	 left_parc_151 253 156 86 0
150	 left_parc_152 216 238 151 0
151	 left_parc_153 253 255 187 0
152	 left_parc_154 54 144 187 0
153	 left_parc_155 178 31 77 0
154	 left_parc_156 253 158 87 0
155	 left_parc_157 229 79 72 0
156	 left_parc_158 187 39 80 0
157	 left_parc_159 225 242 150 0
158	 left_parc_160 88 183 170 0
159	 left_parc_161 59 101 187 0
160	 left_parc_162 113 201 164 0
161	 left_parc_163 91 80 165 0
162	 left_parc_164 58 150 185 0
163	 left_parc_165 253 152 84 0
164	 left_parc_166 225 74 74 0
165	 left_parc_167 248 123 70 0
166	 left_parc_168 47 128 191 0
167	 left_parc_169 253 160 88 0
168	 left_parc_170 48 115 191 0
169	 left_parc_171 255 252 188 0
170	 left_parc_172 255 236 158 0
171	 left_parc_173 136 211 164 0
